24.0000000000000000000
3.0000000000000000000 4.0000000000000000000 1.0000000000000000000
3.0000000000000000000 4.0000000000000000000 2.0000000000000000000
5.0000000000000000000 7.0000000000000000000 9.0000000000000000000
$
20.5714285714285714281
1.0000000000000000000 1.0000000000000000000 1.0000000000000000000 1.0000000000000000000 1.0000000000000000000
1.0000000000000000000 2.7142857142857142857 2.7142857142857142857 2.7142857142857142857 1.0000000000000000000
1.0000000000000000000 2.7142857142857142857 2.7142857142857142857 2.7142857142857142857 1.0000000000000000000
1.0000000000000000000 2.7142857142857142857 2.7142857142857142857 2.7142857142857142857 1.0000000000000000000
1.0000000000000000000 1.0000000000000000000 1.0000000000000000000 1.0000000000000000000 1.0000000000000000000
$
0.0000000000000000000
0.0000000000000000000 0.0000000000000000000
0.0000000000000000000 0.0000000000000000000
$
71.4000000000000000014
4.0000000000000000000 8.0000000000000000000 7.0000000000000000000 5.0000000000000000000 4.0000000000000000000
2.2285714285714285714 6.0000000000000000000 7.0000000000000000000 4.0000000000000000000 5.0000000000000000000
3.0000000000000000000 7.0000000000000000000 1.7428571428571428571 4.0000000000000000000 5.0000000000000000000
4.0000000000000000000 7.0000000000000000000 1.7428571428571428571 5.0000000000000000000 6.0000000000000000000
2.0000000000000000000 1.4857142857142857144 2.0000000000000000000 4.0000000000000000000 6.0000000000000000000
$
65.4285714285714285685
6.0000000000000000000 3.0000000000000000000 3.0000000000000000000 7.0000000000000000000 9.0000000000000000000
1.0000000000000000000 1.0000000000000000000 5.0000000000000000000 5.0000000000000000000 7.0000000000000000000
7.0000000000000000000 7.0000000000000000000 5.0000000000000000000 5.0000000000000000000 5.0000000000000000000
4.0000000000000000000 4.0000000000000000000 5.0000000000000000000 5.0000000000000000000 5.0238095238095238086
3.0000000000000000000 5.0238095238095238086 5.0000000000000000000 5.0952380952380952371 0.0000000000000000000
$
346.6045935084415210714
5.0000000000000000000 5.0000000000000000000 5.0943878534377365339 0.0000000000000000000 0.0000000000000000000 2.0000000000000000000 5.0314626178125788449 5.0000000000000000000 5.0000000000000000000 5.0000000000000000000
5.0000000000000000000 5.0000000000000000000 5.0000000000000000000 7.0000000000000000000 7.0000000000000000000 2.0000000000000000000 3.0000000000000000000 3.0000000000000000000 5.0000000000000000000 5.0000000000000000000
0.0000000000000000000 0.0000000000000000000 0.0000000000000000000 2.0000000000000000000 7.0000000000000000000 2.0000000000000000000 4.0000000000000000000 3.0000000000000000000 5.0000000000000000000 5.1258504712503153793
4.0000000000000000000 7.0000000000000000000 2.0000000000000000000 5.0000000000000000000 8.0000000000000000000 2.0000000000000000000 4.0000000000000000000 8.0314626178125788445 2.0000000000000000000 2.0000000000000000000
7.0314626178125788445 7.0000000000000000000 3.0000000000000000000 3.0000000000000000000 8.0000000000000000000 4.0000000000000000000 7.0000000000000000000 8.0314626178125788445 8.0000000000000000000 4.0000000000000000000
4.0000000000000000000 2.0000000000000000000 2.0000000000000000000 4.0000000000000000000 8.0000000000000000000 3.0000000000000000000 7.0000000000000000000 5.0000000000000000000 8.0000000000000000000 7.0000000000000000000
4.0000000000000000000 6.0000000000000000000 2.0000000000000000000 6.0000000000000000000 5.0000000000000000000 3.0000000000000000000 5.0000000000000000000 4.0000000000000000000 7.0000000000000000000 7.0629252356251576894
7.0000000000000000000 6.0000000000000000000 6.0000000000000000000 6.0000000000000000000 3.0000000000000000000 3.0000000000000000000 3.0000000000000000000 3.0000000000000000000 3.0000000000000000000 5.0000000000000000000
8.0000000000000000000 8.0000000000000000000 6.0000000000000000000 6.0000000000000000000 3.0000000000000000000 2.0000000000000000000 6.0000000000000000000 6.0000000000000000000 4.0000000000000000000 4.0000000000000000000
0.0000000000000000000 0.0000000000000000000 7.0629252356251576894 7.0000000000000000000 6.0000000000000000000 2.0000000000000000000 2.0000000000000000000 7.0629252356251576894 7.0000000000000000000 6.0000000000000000000
$
