5 2
3 1 4 1 5
1 1 2 3 5
$
3 1000
1 1 1
1 10 100
$
16 1000007
16 12 6 12 1 8 14 14 5 7 6 5 9 6 10 9
719092922 77021920 539975779 254719514 967592487 476893866 368936979 465399362 342544824 540338192 42663741 165480608 616996494 16552706 590788849 221462860
$
24 100000000007
19 10 19 15 1 20 13 15 8 23 22 16 19 22 2 20 12 19 17 20 16 8 23 6
944071276 364842194 5376942 671161415 477159272 339665353 176192797 2729865 676292280 249875565 259803120 103398285 466932147 775082441 720192643 535473742 263795756 898670859 476980306 12045411 620291602 593937486 761132791 746546443
$
