3 10
1937458062
8124690357
2385760149
$
10 20
01234567890123456789
01234567890123456789
01234567890123456789
01234567890123456789
01234567890123456789
01234567890123456789
01234567890123456789
01234567890123456789
01234567890123456789
01234567890123456789
$
5 10
0000000000
1111111111
2222222222
3333333333
4444444444
$
10 20
14159265358979323846
26433832795028841971
69399375105820974944
59230781640628620899
86280348253421170679
82148086513282306647
09384460955058223172
53594081284811174502
84102701938521105559
64462294895493038196
$
